0 0.281250 0.612500 0.068750 0.052778
0 0.201563 0.559722 0.023958 0.089815
0 0.060937 0.664815 0.039583 0.103704
0 0.294792 0.454630 0.053125 0.042593
0 0.451562 0.660185 0.060417 0.055556
0 0.445312 0.570833 0.047917 0.049074
0 0.449740 0.494907 0.056771 0.054630
0 0.398177 0.412500 0.057813 0.058333
0 0.468750 0.317593 0.052083 0.050000
0 0.473958 0.218519 0.056250 0.048148
0 0.413021 0.275463 0.057292 0.054630
0 0.610677 0.250926 0.052604 0.046296
0 0.600521 0.160185 0.063542 0.037037
0 0.660417 0.433333 0.032292 0.100000
0 0.775521 0.436111 0.034375 0.109259
0 0.610938 0.455556 0.047917 0.038889
0 0.652865 0.328704 0.030729 0.098148
2 0.073438 0.912037 0.128125 0.144444
