0 0.233073 0.896296 0.102604 0.087037
0 0.503906 0.939352 0.105729 0.082407
0 0.505208 0.850000 0.106250 0.075926
0 0.504687 0.744907 0.101042 0.084259
0 0.509375 0.645833 0.110417 0.073148
0 0.510156 0.568519 0.105729 0.081481
0 0.508854 0.500000 0.105208 0.085185
0 0.510677 0.426852 0.105729 0.062963
0 0.218229 0.822222 0.108333 0.081481
0 0.211979 0.745833 0.101042 0.089815
0 0.204948 0.655556 0.105729 0.081481
0 0.197917 0.570833 0.101042 0.067593
0 0.203906 0.383333 0.108854 0.079630
0 0.201563 0.280093 0.116667 0.076852
0 0.208073 0.179167 0.098437 0.102778
0 0.485677 0.255093 0.096354 0.095370
0 0.499479 0.348148 0.093750 0.075926
0 0.614583 0.301389 0.062500 0.199074
0 0.664844 0.304167 0.050521 0.215741
0 0.709635 0.290741 0.053646 0.196296
0 0.758333 0.297222 0.051042 0.190741
0 0.802865 0.306481 0.044271 0.198148
0 0.844010 0.314352 0.063021 0.182407
0 0.191406 0.103704 0.108854 0.087037
0 0.201563 0.035648 0.110417 0.060185
