0 0.265885 0.423611 0.036979 0.171296
0 0.212240 0.390741 0.043229 0.203704
0 0.147917 0.362037 0.042708 0.201852
0 0.102083 0.344444 0.039583 0.209259
0 0.060417 0.348611 0.048958 0.212037
0 0.019271 0.358333 0.033333 0.225926
0 0.254427 0.901852 0.038021 0.196296
0 0.210156 0.867593 0.047396 0.172222
0 0.185677 0.848611 0.056771 0.182407
0 0.148698 0.834722 0.044271 0.165741
0 0.117448 0.796759 0.033854 0.182407
0 0.025260 0.775926 0.049479 0.185185
0 0.497135 0.934259 0.036979 0.131481
0 0.448958 0.932870 0.051042 0.128704
0 0.416927 0.918056 0.050521 0.152778
0 0.365365 0.918056 0.036979 0.163889
0 0.617448 0.946759 0.038021 0.106481
0 0.979167 0.867130 0.041667 0.193519
0 0.927604 0.834722 0.042708 0.204630
0 0.841667 0.818519 0.052083 0.203704
0 0.799740 0.782870 0.041146 0.187963
0 0.418229 0.592130 0.041667 0.176852
0 0.483594 0.627778 0.070312 0.161111
0 0.517969 0.662037 0.053646 0.162963
0 0.563802 0.668981 0.041146 0.182407
0 0.609635 0.693056 0.047396 0.210185
0 0.662500 0.720370 0.045833 0.214815
0 0.717708 0.730093 0.055208 0.163889
0 0.757031 0.762963 0.050521 0.190741
0 0.963021 0.655093 0.045833 0.176852
0 0.924479 0.646759 0.048958 0.176852
0 0.881771 0.622685 0.052083 0.193519
0 0.827344 0.600463 0.047396 0.182407
0 0.788802 0.587963 0.053646 0.185185
0 0.711458 0.537963 0.055208 0.161111
0 0.669531 0.521759 0.028646 0.171296
0 0.627344 0.521759 0.036979 0.160185
0 0.583854 0.509259 0.038542 0.212963
0 0.555990 0.475463 0.050521 0.171296
0 0.508073 0.457870 0.036979 0.223148
0 0.471094 0.444444 0.036979 0.185185
0 0.442708 0.426389 0.038542 0.176852
0 0.408333 0.410185 0.048958 0.214815
0 0.861979 0.319444 0.055208 0.185185
0 0.905469 0.310648 0.050521 0.195370
0 0.963021 0.303704 0.052083 0.166667
0 0.882552 0.148611 0.059896 0.171296
0 0.831250 0.176852 0.039583 0.174074
0 0.782292 0.175463 0.052083 0.187963
0 0.740625 0.178241 0.045833 0.176852
0 0.697917 0.181019 0.039583 0.182407
0 0.647396 0.169907 0.042708 0.182407
0 0.602865 0.163889 0.043229 0.179630
0 0.508594 0.178241 0.108854 0.095370
0 0.520833 0.092593 0.117708 0.092593
0 0.517708 0.033333 0.123958 0.064815
