0 0.245312 0.143056 0.090625 0.084259
0 0.252083 0.237037 0.104167 0.059259
0 0.244271 0.294444 0.097917 0.075926
0 0.257552 0.375926 0.102604 0.081481
0 0.269531 0.577778 0.099479 0.087037
0 0.260677 0.652315 0.102604 0.073148
0 0.250521 0.740741 0.107292 0.070370
0 0.255208 0.825000 0.101042 0.092593
0 0.252865 0.909722 0.099479 0.082407
0 0.444271 0.168981 0.090625 0.087963
0 0.439063 0.280556 0.097917 0.109259
0 0.425260 0.335185 0.089063 0.092593
0 0.432812 0.430556 0.094792 0.092593
0 0.427344 0.516204 0.108854 0.078704
0 0.426042 0.607407 0.096875 0.075926
0 0.430469 0.709722 0.090104 0.095370
0 0.425000 0.782870 0.107292 0.078704
0 0.425260 0.850926 0.098437 0.068519
0 0.417708 0.927315 0.101042 0.089815
0 0.545312 0.099537 0.130208 0.078704
0 0.536198 0.157870 0.096354 0.065741
0 0.534635 0.209722 0.096354 0.065741
0 0.532292 0.277778 0.110417 0.059259
0 0.532552 0.350000 0.116146 0.085185
0 0.530729 0.428704 0.097917 0.057407
0 0.526302 0.500926 0.092188 0.087037
0 0.529948 0.573611 0.099479 0.095370
0 0.530990 0.641204 0.095312 0.078704
0 0.529948 0.781481 0.099479 0.075926
0 0.533073 0.868519 0.096354 0.087037
0 0.528646 0.953241 0.108333 0.076852
0 0.687760 0.860648 0.105729 0.102778
0 0.708594 0.939815 0.113021 0.070370
0 0.681771 0.220833 0.044792 0.200926
0 0.733854 0.221759 0.059375 0.199074
0 0.772917 0.201852 0.061458 0.201852
0 0.816667 0.193519 0.059375 0.196296
0 0.869271 0.159722 0.058333 0.193519
0 0.925260 0.150000 0.066146 0.201852
0 0.967448 0.131944 0.046354 0.187963
0 0.790104 0.837500 0.110417 0.078704
0 0.768229 0.765741 0.101042 0.098148
0 0.747656 0.689352 0.102604 0.119444
0 0.735417 0.619907 0.096875 0.100926
0 0.728646 0.531019 0.101042 0.113889
0 0.727865 0.455093 0.105729 0.113889
0 0.715365 0.381481 0.102604 0.109259
