0 0.897396 0.792593 0.116667 0.083333
0 0.970052 0.451852 0.059896 0.172222
0 0.952083 0.240278 0.044792 0.182407
0 0.894792 0.695833 0.121875 0.080556
0 0.857552 0.025926 0.095312 0.042593
0 0.866146 0.109259 0.098958 0.079630
0 0.874740 0.194444 0.102604 0.046296
0 0.867969 0.259259 0.095312 0.064815
0 0.871354 0.333333 0.106250 0.046296
0 0.878385 0.414815 0.113021 0.074074
0 0.886979 0.488889 0.112500 0.050000
0 0.882552 0.562963 0.100521 0.105556
0 0.887760 0.627778 0.107813 0.087037
0 0.584115 0.893519 0.107813 0.092593
0 0.564844 0.799074 0.100521 0.077778
0 0.568490 0.729630 0.097396 0.079630
0 0.570312 0.580093 0.093750 0.076852
0 0.573698 0.496296 0.100521 0.064815
0 0.565625 0.427315 0.109375 0.080556
0 0.593490 0.339352 0.102604 0.089815
0 0.609375 0.252778 0.098958 0.096296
0 0.610938 0.154167 0.098958 0.095370
0 0.611719 0.081481 0.100521 0.092593
0 0.467708 0.925463 0.090625 0.071296
0 0.474479 0.846759 0.104167 0.062037
0 0.465104 0.789815 0.095833 0.133333
0 0.465885 0.687963 0.097396 0.088889
0 0.476302 0.601852 0.110937 0.064815
0 0.472135 0.437963 0.092188 0.088889
0 0.482552 0.340741 0.116146 0.074074
0 0.504167 0.176852 0.090625 0.092593
0 0.504167 0.092130 0.093750 0.089815
0 0.512760 0.027315 0.100521 0.052778
0 0.264583 0.815741 0.101042 0.092593
0 0.267188 0.667593 0.102083 0.092593
0 0.270833 0.586111 0.109375 0.088889
0 0.288802 0.529167 0.097396 0.080556
0 0.289062 0.467130 0.093750 0.080556
0 0.288802 0.336111 0.086979 0.083333
0 0.289062 0.266667 0.093750 0.068519
0 0.290625 0.205093 0.090625 0.062037
0 0.301823 0.141667 0.095312 0.051852
0 0.311458 0.042593 0.101042 0.083333
0 0.177604 0.583333 0.041667 0.194444
0 0.127344 0.547685 0.034896 0.160185
0 0.076302 0.545833 0.043229 0.145370
0 0.036979 0.549074 0.041667 0.162963
0 0.113542 0.722222 0.052083 0.157407
0 0.061458 0.723148 0.055208 0.166667
0 0.015365 0.718981 0.029687 0.182407
0 0.085677 0.911574 0.069271 0.173148
0 0.029167 0.912500 0.057292 0.175000
