0 0.212760 0.939815 0.102604 0.087037
0 0.503906 0.931019 0.105729 0.082407
0 0.505208 0.847222 0.106250 0.075926
0 0.507812 0.766204 0.101042 0.084259
0 0.506250 0.692130 0.110417 0.073148
0 0.510156 0.614815 0.105729 0.081481
0 0.498437 0.540741 0.105208 0.085185
0 0.487760 0.445370 0.105729 0.062963
0 0.204167 0.850000 0.108333 0.081481
0 0.193750 0.759722 0.101042 0.089815
0 0.198437 0.579167 0.108333 0.067593
0 0.192969 0.473148 0.108854 0.079630
0 0.210938 0.378241 0.116667 0.076852
0 0.184375 0.300926 0.106250 0.096296
0 0.609896 0.489352 0.062500 0.199074
0 0.661719 0.478241 0.050521 0.215741
0 0.704948 0.487037 0.053646 0.196296
0 0.746354 0.487037 0.051042 0.190741
0 0.791927 0.483333 0.044271 0.198148
0 0.837760 0.496759 0.063021 0.182407
0 0.196094 0.214815 0.108854 0.087037
0 0.186198 0.124074 0.107813 0.074074
0 0.182552 0.049074 0.102604 0.081481
0 0.491927 0.138889 0.047396 0.190741
0 0.535677 0.137500 0.033854 0.160185
0 0.585156 0.130556 0.044271 0.168519
0 0.624479 0.137500 0.042708 0.187963
0 0.670312 0.133333 0.042708 0.179630
0 0.741406 0.136111 0.041146 0.174074
0 0.787500 0.145833 0.032292 0.199074
0 0.864844 0.158333 0.036979 0.174074
0 0.914583 0.143056 0.035417 0.182407
0 0.952865 0.130556 0.034896 0.201852
0 0.987500 0.147222 0.025000 0.212963
0 0.457292 0.157870 0.055208 0.158333
