0 0.512500 0.974074 0.113542 0.051852
0 0.511458 0.912963 0.106250 0.075926
0 0.507812 0.844907 0.101042 0.084259
0 0.502344 0.761574 0.102604 0.063889
0 0.490365 0.675000 0.105729 0.081481
0 0.202604 0.959259 0.108333 0.081481
0 0.204427 0.797685 0.109896 0.093519
0 0.199479 0.693981 0.108333 0.067593
0 0.210156 0.603704 0.108854 0.079630
0 0.191146 0.525463 0.116667 0.076852
0 0.201042 0.437037 0.106250 0.096296
0 0.609896 0.706944 0.062500 0.199074
0 0.665625 0.714352 0.048958 0.191667
0 0.706510 0.712037 0.050521 0.181481
0 0.755208 0.704630 0.051042 0.190741
0 0.795052 0.709259 0.044271 0.198148
0 0.842448 0.717130 0.063021 0.182407
0 0.190365 0.348148 0.108854 0.087037
0 0.188542 0.281019 0.103125 0.087963
0 0.495052 0.367593 0.047396 0.190741
0 0.540104 0.357870 0.033333 0.187963
0 0.589844 0.348148 0.044271 0.168519
0 0.627083 0.358796 0.042708 0.187963
0 0.670312 0.359259 0.042708 0.179630
0 0.746094 0.362037 0.041146 0.174074
0 0.798177 0.358796 0.041146 0.210185
0 0.874219 0.378704 0.036979 0.174074
0 0.916146 0.363426 0.035417 0.182407
0 0.957031 0.366667 0.034896 0.201852
0 0.987500 0.356481 0.025000 0.212963
0 0.460417 0.394907 0.055208 0.158333
