0 0.973437 0.626389 0.045833 0.195370
0 0.870313 0.573611 0.054167 0.182407
0 0.920052 0.587037 0.060937 0.187037
0 0.925260 0.415278 0.063021 0.171296
0 0.880208 0.408333 0.052083 0.179630
0 0.825781 0.387037 0.047396 0.201852
0 0.789583 0.359722 0.052083 0.206481
0 0.744531 0.332407 0.056771 0.201852
0 0.707812 0.291204 0.051042 0.223148
0 0.665625 0.257870 0.042708 0.182407
0 0.577604 0.218056 0.087500 0.152778
0 0.608333 0.147222 0.096875 0.131481
0 0.622135 0.083333 0.099479 0.116667
0 0.636458 0.038426 0.110417 0.075000
0 0.306510 0.291667 0.053646 0.179630
0 0.268229 0.220370 0.084375 0.174074
0 0.296354 0.090278 0.104167 0.130556
0 0.204687 0.140278 0.070833 0.176852
0 0.521875 0.965741 0.048958 0.068519
0 0.417448 0.529630 0.067187 0.166667
0 0.468750 0.606019 0.090625 0.095370
0 0.479687 0.661574 0.093750 0.147222
0 0.529167 0.708333 0.052083 0.174074
0 0.568490 0.753241 0.072396 0.154630
0 0.609896 0.817130 0.065625 0.175000
0 0.658854 0.859259 0.078125 0.161111
0 0.693490 0.908333 0.079687 0.155556
0 0.731771 0.939815 0.052083 0.120370
0 0.406771 0.926389 0.061458 0.147222
0 0.361719 0.894907 0.069271 0.160185
0 0.338802 0.868519 0.059896 0.174074
0 0.291927 0.818519 0.054688 0.155556
0 0.196094 0.713426 0.053646 0.158333
0 0.160938 0.665741 0.068750 0.133333
0 0.136458 0.633333 0.071875 0.144444
0 0.115104 0.582870 0.081250 0.130556
0 0.084375 0.547685 0.068750 0.163889
0 0.038281 0.170370 0.075521 0.105556
0 0.027865 0.249074 0.047396 0.057407
0 0.166146 0.108796 0.055208 0.147222
0 0.127344 0.083333 0.050521 0.150000
0 0.078385 0.057870 0.041146 0.113889
0 0.024479 0.034722 0.022917 0.067593
0 0.445833 0.351389 0.068750 0.175000
0 0.465885 0.384259 0.053646 0.168519
0 0.489583 0.427778 0.048958 0.174074
0 0.522396 0.467130 0.071875 0.165741
0 0.554688 0.527315 0.081250 0.171296
0 0.582812 0.554167 0.055208 0.154630
0 0.617448 0.603241 0.050521 0.171296
0 0.657292 0.641204 0.047917 0.193519
0 0.685417 0.675463 0.058333 0.163889
0 0.757552 0.761111 0.064062 0.166667
0 0.793490 0.806481 0.059896 0.168519
0 0.835938 0.874074 0.058333 0.179630
0 0.866406 0.915278 0.073438 0.169444
0 0.903125 0.932870 0.064583 0.134259
