0 0.195312 0.147685 0.091667 0.071296
0 0.196875 0.201852 0.104167 0.059259
0 0.205990 0.279167 0.101562 0.084259
0 0.233073 0.465741 0.102604 0.081481
0 0.245052 0.556481 0.099479 0.087037
0 0.255990 0.617130 0.102604 0.073148
0 0.267708 0.688889 0.107292 0.070370
0 0.305469 0.890741 0.101562 0.092593
0 0.306510 0.958796 0.099479 0.082407
0 0.448698 0.097222 0.094271 0.150000
0 0.425521 0.430556 0.094792 0.092593
0 0.439844 0.524537 0.108854 0.078704
0 0.433333 0.587963 0.096875 0.075926
0 0.448698 0.681944 0.090104 0.095370
0 0.455729 0.756019 0.107292 0.078704
0 0.467708 0.846296 0.101042 0.079630
0 0.479167 0.954167 0.101042 0.089815
0 0.524219 0.310648 0.096354 0.065741
0 0.521354 0.370370 0.110417 0.059259
0 0.522135 0.431481 0.116146 0.085185
0 0.533073 0.488889 0.102604 0.094444
0 0.542448 0.559722 0.108854 0.089815
0 0.542448 0.633796 0.099479 0.095370
0 0.553906 0.711574 0.095312 0.078704
0 0.568229 0.778704 0.096875 0.098148
0 0.574219 0.844444 0.096354 0.087037
0 0.599219 0.969907 0.111979 0.060185
0 0.673958 0.368056 0.044792 0.200926
0 0.725000 0.360648 0.059375 0.199074
0 0.755729 0.324074 0.061458 0.201852
0 0.792188 0.287500 0.075000 0.187963
0 0.847917 0.243981 0.058333 0.193519
0 0.899219 0.220370 0.066146 0.201852
0 0.935156 0.186111 0.058854 0.177778
0 0.848177 0.924074 0.085938 0.116667
0 0.816406 0.867593 0.102604 0.116667
0 0.789062 0.797685 0.102083 0.130556
0 0.772396 0.737500 0.096875 0.100926
0 0.751563 0.666667 0.101042 0.140741
0 0.735677 0.583796 0.105729 0.113889
0 0.721615 0.506481 0.102604 0.109259
0 0.193750 0.087500 0.097917 0.054630
0 0.189844 0.028704 0.105729 0.046296
0 0.760677 0.961574 0.082812 0.076852
0 0.976042 0.133333 0.047917 0.174074
