0 0.275000 0.947685 0.097917 0.076852
0 0.276562 0.847222 0.101042 0.098148
0 0.269531 0.698611 0.099479 0.078704
0 0.271094 0.554167 0.111979 0.073148
0 0.265885 0.459259 0.098437 0.051852
0 0.275781 0.367593 0.111979 0.070370
0 0.282031 0.286111 0.111979 0.081481
0 0.278906 0.206019 0.108854 0.095370
0 0.275000 0.102315 0.107292 0.084259
0 0.275781 0.039352 0.105729 0.073148
0 0.475781 0.942593 0.095312 0.075926
0 0.476562 0.864815 0.096875 0.057407
0 0.471094 0.789815 0.095312 0.064815
0 0.467448 0.714815 0.099479 0.062963
0 0.452604 0.571759 0.110417 0.065741
0 0.445833 0.500926 0.130208 0.075926
0 0.439063 0.414352 0.107292 0.060185
0 0.433594 0.344444 0.111979 0.057407
0 0.432031 0.268519 0.093229 0.074074
0 0.434375 0.186574 0.101042 0.089815
0 0.439063 0.087037 0.094792 0.092593
0 0.590625 0.976852 0.104167 0.046296
0 0.589844 0.902778 0.108854 0.062963
0 0.582812 0.803704 0.107292 0.092593
0 0.579948 0.724537 0.098437 0.065741
0 0.577865 0.642593 0.102604 0.070370
0 0.579167 0.559722 0.103125 0.078704
0 0.556771 0.419444 0.101042 0.081481
0 0.543750 0.347222 0.081250 0.079630
0 0.533854 0.270833 0.091667 0.073148
0 0.534635 0.196296 0.108854 0.070370
0 0.540885 0.119907 0.086979 0.082407
0 0.533073 0.043519 0.099479 0.081481
0 0.936198 0.903241 0.059896 0.193519
0 0.850260 0.941204 0.102604 0.073148
0 0.845573 0.879630 0.105729 0.087037
0 0.841146 0.793981 0.100000 0.078704
0 0.825000 0.705556 0.097917 0.087037
0 0.809896 0.621296 0.104167 0.098148
0 0.814583 0.553241 0.090625 0.100926
0 0.798958 0.487963 0.094792 0.103704
0 0.791406 0.420833 0.085938 0.112037
0 0.777604 0.353704 0.094792 0.092593
0 0.779948 0.284722 0.099479 0.095370
0 0.736198 0.228704 0.101562 0.081481
0 0.732292 0.138889 0.093750 0.081481
0 0.736198 0.029167 0.098437 0.056481
