0 0.920833 0.856481 0.104167 0.127778
0 0.970052 0.517593 0.059896 0.172222
0 0.939583 0.307870 0.044792 0.182407
0 0.916667 0.785648 0.109375 0.123148
0 0.819271 0.037500 0.098958 0.063889
0 0.831250 0.103704 0.098958 0.079630
0 0.848698 0.195833 0.105729 0.091667
0 0.852604 0.273611 0.094792 0.089815
0 0.857812 0.340741 0.115625 0.079630
0 0.867448 0.420370 0.113021 0.074074
0 0.891406 0.640741 0.100521 0.105556
0 0.907031 0.698148 0.105729 0.112963
0 0.589844 0.953704 0.107813 0.092593
0 0.586719 0.879630 0.100521 0.077778
0 0.580990 0.725926 0.097396 0.079630
0 0.579688 0.651389 0.093750 0.076852
0 0.573177 0.580556 0.100521 0.064815
0 0.588542 0.479167 0.109375 0.080556
0 0.596615 0.382870 0.102604 0.089815
0 0.592187 0.299074 0.098958 0.096296
0 0.588021 0.206019 0.098958 0.095370
0 0.585677 0.136111 0.100521 0.092593
0 0.485677 0.956481 0.086979 0.087037
0 0.484375 0.870833 0.097917 0.089815
0 0.484896 0.776389 0.094792 0.087963
0 0.586719 0.044907 0.097396 0.087963
0 0.486719 0.607407 0.110937 0.064815
0 0.488802 0.525000 0.092188 0.088889
0 0.490365 0.353704 0.116146 0.074074
0 0.478646 0.269907 0.097917 0.093519
0 0.480208 0.193056 0.101042 0.086111
0 0.474219 0.111111 0.106771 0.075926
0 0.281250 0.905556 0.101042 0.092593
0 0.276562 0.823148 0.102083 0.092593
0 0.295833 0.675926 0.109375 0.088889
0 0.290365 0.761574 0.097396 0.080556
0 0.279687 0.562500 0.093750 0.080556
0 0.279427 0.500000 0.086979 0.083333
0 0.278646 0.432407 0.093750 0.068519
0 0.278125 0.363426 0.090625 0.062037
0 0.280729 0.247222 0.101042 0.083333
0 0.189583 0.825000 0.041667 0.200000
0 0.141927 0.826389 0.043229 0.145370
0 0.095052 0.850926 0.044271 0.094444
0 0.141406 0.942593 0.061979 0.114815
0 0.052604 0.871759 0.036458 0.082407
0 0.013802 0.887963 0.026562 0.075926
0 0.081771 0.925463 0.061458 0.145370
0 0.024479 0.930556 0.047917 0.138889
0 0.868490 0.491667 0.105729 0.079630
0 0.886458 0.571759 0.104167 0.065741
