0 0.274219 0.977778 0.108854 0.044444
0 0.265104 0.914815 0.108333 0.081481
0 0.265625 0.827778 0.107292 0.087037
0 0.265885 0.742130 0.114062 0.084259
0 0.263542 0.612963 0.103125 0.081481
0 0.254427 0.451852 0.111979 0.070370
0 0.256510 0.539815 0.111979 0.081481
0 0.260417 0.350000 0.101042 0.083333
0 0.265625 0.288426 0.107292 0.084259
0 0.422917 0.964352 0.100000 0.071296
0 0.421875 0.901389 0.098958 0.080556
0 0.431510 0.798148 0.109896 0.064815
0 0.418490 0.642593 0.102604 0.081481
0 0.429688 0.559722 0.101042 0.073148
0 0.428125 0.486574 0.110417 0.078704
0 0.437500 0.415278 0.101042 0.089815
0 0.428125 0.317130 0.104167 0.095370
0 0.527083 0.975463 0.093750 0.049074
0 0.526302 0.914352 0.089063 0.073148
0 0.535937 0.200000 0.097917 0.094444
0 0.531510 0.819907 0.093229 0.082407
0 0.527604 0.746296 0.101042 0.081481
0 0.532292 0.672685 0.107292 0.093519
0 0.534896 0.574537 0.100000 0.091667
0 0.533073 0.493981 0.099479 0.073148
0 0.536198 0.355093 0.099479 0.078704
0 0.536719 0.275926 0.099479 0.081481
0 0.766667 0.977778 0.094792 0.044444
0 0.730729 0.931944 0.090625 0.089815
0 0.730990 0.851389 0.093229 0.100926
0 0.735938 0.786111 0.104167 0.098148
0 0.730729 0.732870 0.090625 0.100926
0 0.710938 0.643519 0.094792 0.103704
0 0.696875 0.568519 0.091667 0.112963
0 0.792448 0.539352 0.093229 0.080556
0 0.772135 0.465741 0.105729 0.103704
0 0.752604 0.399074 0.111458 0.122222
0 0.736979 0.326852 0.087500 0.098148
0 0.724740 0.155556 0.105729 0.114815
0 0.253125 0.022222 0.098958 0.042593
0 0.433854 0.216667 0.105208 0.100000
0 0.730208 0.238426 0.101042 0.117593
0 0.719531 0.076852 0.101562 0.112963
0 0.256250 0.088426 0.105208 0.084259
0 0.431250 0.129630 0.110417 0.079630
0 0.529427 0.117593 0.098437 0.103704
0 0.425781 0.051852 0.099479 0.092593
0 0.537760 0.051852 0.108854 0.087037
