0 0.512500 0.974074 0.113542 0.051852
0 0.514583 0.924074 0.106250 0.075926
0 0.504687 0.850463 0.101042 0.084259
0 0.502344 0.761574 0.102604 0.063889
0 0.494531 0.754630 0.105729 0.081481
0 0.207552 0.881944 0.109896 0.093519
0 0.201042 0.775463 0.108333 0.067593
0 0.215885 0.687963 0.108854 0.079630
0 0.195833 0.605093 0.116667 0.076852
0 0.207292 0.519444 0.106250 0.096296
0 0.616146 0.791204 0.062500 0.199074
0 0.670312 0.787500 0.048958 0.191667
0 0.716927 0.787963 0.050521 0.181481
0 0.759896 0.794444 0.051042 0.190741
0 0.790365 0.796296 0.044271 0.198148
0 0.851823 0.798611 0.063021 0.182407
0 0.198698 0.427315 0.104688 0.082407
0 0.189062 0.370833 0.104167 0.099074
0 0.501302 0.447222 0.047396 0.190741
0 0.541667 0.444907 0.033333 0.187963
0 0.592969 0.429630 0.044271 0.168519
0 0.627083 0.420833 0.042708 0.187963
0 0.675000 0.437963 0.042708 0.179630
0 0.753906 0.441667 0.041146 0.174074
0 0.802865 0.435648 0.041146 0.210185
0 0.875781 0.457407 0.036979 0.174074
0 0.919271 0.430556 0.044792 0.185185
0 0.958594 0.434259 0.034896 0.201852
0 0.987500 0.430556 0.025000 0.212963
0 0.466667 0.473611 0.055208 0.158333
