0 0.270833 0.555556 0.046875 0.051852
0 0.266667 0.476852 0.041667 0.050000
0 0.274219 0.376852 0.043229 0.046296
0 0.265625 0.294907 0.043750 0.043519
0 0.259635 0.225000 0.058854 0.027778
0 0.253646 0.195833 0.046875 0.030556
0 0.243750 0.154630 0.041667 0.027778
0 0.237760 0.120370 0.050521 0.046296
0 0.196354 0.205093 0.046875 0.043519
0 0.187500 0.150926 0.043750 0.027778
0 0.186719 0.114352 0.038021 0.039815
0 0.146615 0.069444 0.048438 0.037037
0 0.142448 0.120370 0.043229 0.040741
0 0.144792 0.185185 0.041667 0.040741
0 0.153646 0.248611 0.044792 0.043519
1 0.584375 0.350463 0.114583 0.530556
1 0.611979 0.817593 0.101042 0.361111
1 0.555469 0.038426 0.081771 0.062037
1 0.416667 0.894444 0.088542 0.211111
2 0.377604 0.229630 0.062500 0.203704
3 0.375781 0.734722 0.017188 0.052778
3 0.349740 0.742593 0.017188 0.055556
3 0.332292 0.743519 0.020833 0.064815
