0 0.268750 0.969907 0.101042 0.060185
0 0.268750 0.833333 0.101042 0.098148
0 0.266406 0.744907 0.099479 0.078704
0 0.276823 0.646759 0.111979 0.073148
0 0.280729 0.571296 0.110417 0.085185
0 0.275781 0.487963 0.111979 0.070370
0 0.274740 0.389815 0.111979 0.081481
0 0.275781 0.318056 0.108854 0.095370
0 0.270313 0.192130 0.107292 0.084259
0 0.269531 0.109722 0.105729 0.073148
0 0.454167 0.851852 0.110417 0.079630
0 0.442448 0.781481 0.095312 0.064815
0 0.434115 0.695370 0.099479 0.062963
0 0.435937 0.623611 0.110417 0.065741
0 0.434896 0.547222 0.130208 0.075926
0 0.434375 0.468519 0.113542 0.092593
0 0.434375 0.362500 0.113542 0.093519
0 0.428125 0.213426 0.101042 0.089815
0 0.442188 0.144444 0.094792 0.092593
0 0.582031 0.922222 0.108854 0.062963
0 0.582812 0.841667 0.107292 0.092593
0 0.563281 0.700463 0.098437 0.065741
0 0.544010 0.054630 0.099479 0.103704
0 0.545312 0.631944 0.087500 0.087963
0 0.536979 0.552778 0.101042 0.081481
0 0.535417 0.479630 0.094792 0.081481
0 0.542188 0.386574 0.100000 0.091667
0 0.536198 0.310185 0.108854 0.070370
0 0.542448 0.246759 0.108854 0.078704
0 0.539323 0.147222 0.099479 0.081481
0 0.829688 0.971296 0.110417 0.057407
0 0.811719 0.906481 0.105729 0.087037
0 0.814323 0.830556 0.101562 0.098148
0 0.802865 0.765278 0.099479 0.102778
0 0.789583 0.700000 0.104167 0.098148
0 0.776563 0.638426 0.090625 0.100926
0 0.781771 0.570370 0.094792 0.103704
0 0.740365 0.505556 0.093229 0.096296
0 0.737240 0.408796 0.093229 0.080556
0 0.736979 0.359722 0.100000 0.076852
0 0.740885 0.293519 0.101562 0.081481
0 0.718490 0.208796 0.105729 0.095370
0 0.698438 0.136574 0.090625 0.110185
0 0.269010 0.028704 0.109896 0.051852
0 0.434375 0.062963 0.097917 0.092593
0 0.796615 0.106481 0.096354 0.103704
0 0.781510 0.042130 0.102604 0.073148
