0 0.268229 0.189815 0.044792 0.050000
0 0.278646 0.268519 0.055208 0.051852
0 0.268229 0.367593 0.044792 0.046296
0 0.278646 0.453704 0.052083 0.051852
0 0.261198 0.126389 0.048438 0.039815
0 0.255990 0.091204 0.048438 0.025000
0 0.249219 0.050926 0.045312 0.042593
0 0.197135 0.097222 0.038021 0.050000
0 0.193750 0.050926 0.041667 0.031481
0 0.144010 0.035648 0.043229 0.043519
0 0.153646 0.080093 0.044792 0.021296
1 0.615365 0.760648 0.107813 0.469444
1 0.583333 0.251389 0.109375 0.493519
1 0.421875 0.846296 0.106250 0.307407
2 0.380208 0.118981 0.057292 0.178704
3 0.375000 0.651389 0.022917 0.052778
3 0.332552 0.666667 0.024479 0.064815
3 0.350000 0.649537 0.020833 0.080556
