0 0.622135 0.607407 0.041146 0.196296
0 0.678646 0.611574 0.038542 0.187963
0 0.725521 0.627778 0.036458 0.198148
0 0.763021 0.645370 0.038542 0.190741
0 0.807552 0.656481 0.050521 0.168519
0 0.845573 0.691667 0.050521 0.174074
0 0.897656 0.713889 0.044271 0.185185
0 0.956771 0.737963 0.052083 0.185185
0 0.686979 0.400463 0.107292 0.082407
0 0.701042 0.305093 0.097917 0.082407
0 0.715625 0.228704 0.090625 0.064815
0 0.722396 0.155556 0.101042 0.070370
0 0.739844 0.084259 0.102604 0.109259
0 0.462760 0.485185 0.108854 0.081481
0 0.461979 0.561111 0.101042 0.059259
0 0.463542 0.422222 0.116667 0.098148
0 0.477865 0.332407 0.108854 0.087037
0 0.503906 0.272222 0.105729 0.087037
0 0.513281 0.201389 0.108854 0.060185
0 0.537760 0.073611 0.090104 0.108333
0 0.420573 0.967130 0.040104 0.065741
0 0.374740 0.964352 0.033854 0.071296
0 0.329427 0.958796 0.041146 0.082407
