0 0.180208 0.495833 0.107292 0.130556
0 0.466667 0.486111 0.064583 0.144444
0 0.491927 0.443056 0.050521 0.182407
0 0.534635 0.434722 0.044271 0.182407
0 0.578385 0.400463 0.049479 0.175000
0 0.619792 0.389815 0.048958 0.174074
0 0.664062 0.373148 0.064583 0.174074
0 0.736198 0.355556 0.043229 0.177778
0 0.779167 0.342130 0.048958 0.187963
0 0.863281 0.333796 0.046354 0.182407
0 0.901563 0.288889 0.039583 0.185185
0 0.939844 0.262500 0.040104 0.182407
0 0.979948 0.264352 0.040104 0.223148
0 0.258333 0.965741 0.113542 0.057407
0 0.239844 0.881019 0.116146 0.078704
0 0.241927 0.789815 0.102604 0.070370
0 0.213021 0.724537 0.114583 0.097222
0 0.216667 0.636111 0.101042 0.100000
0 0.193750 0.550000 0.101042 0.092593
0 0.575260 0.967130 0.089063 0.060185
0 0.566146 0.904167 0.097917 0.082407
0 0.546354 0.841667 0.091667 0.087037
0 0.520312 0.750463 0.094792 0.106481
0 0.646094 0.744907 0.079687 0.154630
0 0.700781 0.728704 0.070312 0.172222
0 0.743229 0.714815 0.071875 0.166667
0 0.788542 0.700000 0.061458 0.190741
0 0.873958 0.672222 0.067708 0.168519
0 0.825000 0.681019 0.045833 0.195370
