0 0.259115 0.865741 0.044271 0.179630
0 0.209896 0.826389 0.062500 0.187963
0 0.210156 0.697222 0.102604 0.087037
0 0.130469 0.781481 0.063021 0.190741
0 0.091927 0.761574 0.047396 0.193519
0 0.052865 0.758796 0.064062 0.193519
0 0.398438 0.829167 0.047917 0.187963
0 0.432031 0.847222 0.034896 0.157407
0 0.460938 0.884722 0.032292 0.184259
0 0.498177 0.893519 0.047396 0.196296
0 0.539323 0.899074 0.053646 0.196296
0 0.577604 0.918056 0.041667 0.158333
0 0.616667 0.929167 0.039583 0.141667
0 0.656510 0.927778 0.046354 0.133333
0 0.699479 0.946759 0.039583 0.100926
0 0.952083 0.736574 0.052083 0.204630
0 0.906250 0.735185 0.042708 0.201852
0 0.851042 0.754167 0.061458 0.176852
0 0.867188 0.587037 0.044792 0.198148
0 0.824219 0.587037 0.050521 0.192593
0 0.769792 0.612963 0.039583 0.201852
0 0.730990 0.608796 0.050521 0.199074
0 0.681771 0.616667 0.044792 0.220370
0 0.634375 0.603241 0.032292 0.204630
0 0.593750 0.591204 0.042708 0.169444
0 0.501823 0.607407 0.098437 0.092593
0 0.513281 0.533796 0.105729 0.082407
0 0.507812 0.464352 0.104167 0.100926
0 0.510938 0.377315 0.101042 0.084259
0 0.509375 0.279167 0.110417 0.073148
0 0.516406 0.182407 0.105729 0.081481
0 0.520312 0.098148 0.094792 0.098148
0 0.517969 0.034259 0.105729 0.062963
0 0.240625 0.422222 0.108333 0.081481
0 0.219792 0.344907 0.104167 0.095370
0 0.222135 0.277778 0.105729 0.081481
0 0.207813 0.186574 0.101042 0.067593
0 0.203906 0.080556 0.108854 0.079630
