0 0.264323 0.516204 0.036979 0.171296
0 0.212240 0.497222 0.043229 0.203704
0 0.132812 0.447222 0.042708 0.201852
0 0.095833 0.423148 0.039583 0.209259
0 0.060417 0.439352 0.048958 0.212037
0 0.016927 0.429630 0.032813 0.225926
0 0.255990 0.950926 0.041146 0.098148
0 0.214062 0.937037 0.045833 0.125926
0 0.184635 0.930556 0.049479 0.138889
0 0.151302 0.923611 0.051562 0.152778
0 0.115885 0.903241 0.033854 0.182407
0 0.018229 0.885185 0.035417 0.190741
0 0.368490 0.964352 0.043229 0.071296
0 0.978385 0.934259 0.043229 0.131481
0 0.927604 0.913889 0.042708 0.172222
0 0.843229 0.898148 0.052083 0.203704
0 0.796615 0.883796 0.041146 0.187963
0 0.421354 0.687500 0.041667 0.176852
0 0.475781 0.720370 0.070312 0.161111
0 0.507031 0.757407 0.053646 0.162963
0 0.563802 0.761574 0.041146 0.182407
0 0.607031 0.785648 0.047396 0.210185
0 0.662500 0.799074 0.045833 0.214815
0 0.714583 0.831019 0.055208 0.163889
0 0.757031 0.855556 0.050521 0.190741
0 0.965625 0.758796 0.045833 0.176852
0 0.926042 0.744907 0.048958 0.176852
0 0.881771 0.720833 0.052083 0.193519
0 0.827344 0.695833 0.047396 0.182407
0 0.785677 0.677778 0.053646 0.185185
0 0.711458 0.647222 0.055208 0.161111
0 0.669531 0.597685 0.028646 0.171296
0 0.625781 0.614352 0.036979 0.160185
0 0.583854 0.585185 0.038542 0.212963
0 0.548698 0.568056 0.050521 0.171296
0 0.506510 0.539352 0.036979 0.223148
0 0.467969 0.545370 0.036979 0.185185
0 0.438021 0.510648 0.038542 0.176852
0 0.409896 0.510185 0.048958 0.214815
0 0.860417 0.406481 0.055208 0.185185
0 0.907031 0.394907 0.050521 0.195370
0 0.956771 0.393519 0.052083 0.166667
0 0.880990 0.245833 0.059896 0.171296
0 0.828125 0.261111 0.039583 0.174074
0 0.782292 0.276389 0.052083 0.187963
0 0.735938 0.276389 0.045833 0.176852
0 0.697917 0.273611 0.039583 0.182407
0 0.644271 0.251389 0.042708 0.182407
0 0.601302 0.262037 0.043229 0.179630
0 0.510938 0.265278 0.104167 0.089815
0 0.521094 0.186574 0.111979 0.078704
0 0.519271 0.117593 0.123958 0.064815
0 0.523177 0.040741 0.116146 0.075926
0 0.259115 0.079167 0.096354 0.076852
0 0.219792 0.350000 0.104167 0.062963
0 0.419792 0.967130 0.038542 0.065741
0 0.016146 0.588426 0.031250 0.082407
