0 0.270313 0.969907 0.101042 0.060185
0 0.255729 0.909259 0.098958 0.081481
0 0.268750 0.825000 0.107292 0.087037
0 0.279427 0.742130 0.114062 0.084259
0 0.275000 0.663889 0.110417 0.085185
0 0.272656 0.563889 0.111979 0.070370
0 0.271615 0.482407 0.111979 0.081481
0 0.261458 0.358333 0.101042 0.083333
0 0.264062 0.274537 0.107292 0.084259
0 0.263281 0.191204 0.105729 0.073148
0 0.443229 0.960185 0.110417 0.079630
0 0.428906 0.862963 0.095312 0.064815
0 0.431510 0.798148 0.109896 0.064815
0 0.429167 0.716667 0.108333 0.081481
0 0.433594 0.639815 0.102604 0.081481
0 0.434375 0.532407 0.101042 0.088889
0 0.426563 0.373611 0.113542 0.093519
0 0.435937 0.300463 0.101042 0.089815
0 0.432812 0.231481 0.094792 0.092593
0 0.559375 0.872685 0.090625 0.089815
0 0.540885 0.806944 0.096354 0.082407
0 0.541667 0.091667 0.097917 0.094444
0 0.533073 0.730093 0.093229 0.082407
0 0.533854 0.648148 0.101042 0.081481
0 0.538542 0.561111 0.094792 0.081481
0 0.537500 0.487500 0.100000 0.091667
0 0.539323 0.416667 0.108854 0.070370
0 0.542448 0.311574 0.108854 0.078704
0 0.544010 0.235185 0.099479 0.081481
0 0.805990 0.941667 0.105729 0.087037
0 0.789062 0.872685 0.090625 0.089815
0 0.780469 0.824074 0.091146 0.100000
0 0.774479 0.748148 0.104167 0.098148
0 0.735417 0.679167 0.090625 0.100926
0 0.738542 0.594444 0.094792 0.103704
0 0.738802 0.530556 0.093229 0.096296
0 0.737240 0.476389 0.093229 0.080556
0 0.715625 0.382870 0.109375 0.084259
0 0.704167 0.306481 0.104167 0.100000
0 0.790625 0.280556 0.087500 0.098148
0 0.755469 0.137500 0.111979 0.123148
0 0.277604 0.037037 0.108333 0.068519
0 0.442188 0.163889 0.097917 0.092593
0 0.772135 0.210185 0.096354 0.103704
0 0.747656 0.057407 0.108854 0.112963
0 0.266667 0.091204 0.105208 0.084259
0 0.438281 0.052315 0.099479 0.102778
0 0.546354 0.030556 0.110417 0.059259
