0 0.234375 0.838889 0.071875 0.179630
0 0.270573 0.875926 0.067187 0.155556
0 0.314844 0.918056 0.082812 0.163889
0 0.355469 0.961574 0.063021 0.076852
0 0.415104 0.977778 0.032292 0.044444
0 0.597396 0.688889 0.081250 0.162963
0 0.645833 0.724537 0.070833 0.141667
0 0.693229 0.769444 0.067708 0.166667
0 0.720833 0.830556 0.061458 0.162963
0 0.753646 0.855093 0.087500 0.158333
0 0.783594 0.905556 0.070312 0.172222
0 0.828906 0.952315 0.038021 0.089815
0 0.695833 0.544444 0.130208 0.081481
0 0.730729 0.472685 0.093750 0.128704
0 0.761458 0.402778 0.093750 0.098148
0 0.785156 0.343056 0.092188 0.113889
0 0.821354 0.305093 0.078125 0.125000
0 0.848698 0.227315 0.086979 0.100926
0 0.465104 0.521759 0.097917 0.089815
0 0.473438 0.469907 0.087500 0.143519
0 0.493490 0.411574 0.096354 0.119444
0 0.524740 0.345833 0.098437 0.130556
0 0.556250 0.279630 0.081250 0.133333
0 0.585156 0.227315 0.093229 0.117593
0 0.632031 0.133796 0.079687 0.147222
0 0.658854 0.080556 0.084375 0.133333
