0 0.234635 0.784259 0.102604 0.087037
0 0.861979 0.916667 0.045833 0.166667
0 0.812760 0.925000 0.054688 0.150000
0 0.767708 0.925000 0.043750 0.150000
0 0.721615 0.926389 0.050521 0.147222
0 0.673177 0.920833 0.043229 0.158333
0 0.626042 0.916667 0.033333 0.166667
0 0.585417 0.923611 0.040625 0.152778
0 0.495052 0.962963 0.099479 0.074074
0 0.507031 0.888426 0.105729 0.082407
0 0.497917 0.820370 0.106250 0.075926
0 0.504687 0.731019 0.101042 0.084259
0 0.509375 0.630093 0.110417 0.073148
0 0.508594 0.544444 0.105729 0.081481
0 0.509896 0.455556 0.094792 0.098148
0 0.514844 0.383333 0.105729 0.062963
0 0.208854 0.705556 0.108333 0.081481
0 0.215104 0.639352 0.101042 0.089815
0 0.203385 0.541667 0.105729 0.081481
0 0.198958 0.458796 0.101042 0.067593
0 0.205469 0.263889 0.108854 0.079630
0 0.205990 0.157870 0.082812 0.071296
0 0.212240 0.079167 0.098437 0.102778
0 0.482552 0.143056 0.096354 0.095370
0 0.497917 0.237037 0.093750 0.075926
0 0.606771 0.192130 0.062500 0.199074
0 0.660156 0.192130 0.050521 0.215741
0 0.706510 0.190741 0.053646 0.196296
0 0.746094 0.181019 0.041146 0.204630
0 0.790625 0.194907 0.044792 0.221296
0 0.837240 0.190741 0.046354 0.196296
