0 0.902604 0.943981 0.103125 0.112037
0 0.970052 0.756481 0.059896 0.172222
0 0.941146 0.552315 0.044792 0.182407
0 0.897917 0.888889 0.109375 0.111111
0 0.800260 0.119444 0.092188 0.090741
0 0.814323 0.187500 0.092188 0.097222
0 0.816406 0.280093 0.105729 0.091667
0 0.829688 0.344907 0.094792 0.089815
0 0.845313 0.440741 0.115625 0.079630
0 0.851823 0.512963 0.113021 0.074074
0 0.868750 0.739352 0.096875 0.095370
0 0.880990 0.815278 0.096354 0.095370
0 0.580469 0.953704 0.107813 0.092593
0 0.582031 0.887963 0.100521 0.077778
0 0.562760 0.818519 0.097396 0.079630
0 0.584375 0.722685 0.093750 0.076852
0 0.592969 0.637963 0.100521 0.064815
0 0.588542 0.539352 0.109375 0.080556
0 0.585677 0.454167 0.102604 0.089815
0 0.578125 0.380556 0.098958 0.096296
0 0.574479 0.293981 0.098958 0.095370
0 0.580990 0.195370 0.100521 0.092593
0 0.476562 0.862500 0.097917 0.089815
0 0.481771 0.760648 0.094792 0.087963
0 0.566927 0.066204 0.097396 0.087963
0 0.483594 0.586111 0.110937 0.064815
0 0.479427 0.505556 0.092188 0.088889
0 0.477865 0.422222 0.116146 0.074074
0 0.470833 0.354167 0.097917 0.093519
0 0.458333 0.222685 0.101042 0.086111
0 0.450781 0.143519 0.106771 0.075926
0 0.293229 0.972685 0.104167 0.054630
0 0.289583 0.920833 0.103125 0.076852
0 0.277344 0.734722 0.108854 0.075000
0 0.277865 0.797685 0.097396 0.080556
0 0.275260 0.667593 0.097396 0.066667
0 0.279427 0.595370 0.086979 0.083333
0 0.278646 0.486574 0.100000 0.075000
0 0.270313 0.345833 0.092708 0.071296
0 0.273958 0.192130 0.109375 0.078704
0 0.855990 0.578704 0.105729 0.079630
0 0.862760 0.663426 0.099479 0.084259
0 0.266667 0.109259 0.103125 0.081481
0 0.280469 0.023611 0.102604 0.045370
0 0.437500 0.061574 0.094792 0.073148
0 0.790625 0.058796 0.093750 0.112037
