0 0.633073 0.604630 0.041146 0.196296
0 0.686979 0.603241 0.040625 0.176852
0 0.768750 0.633333 0.036458 0.198148
0 0.732292 0.604630 0.038542 0.190741
0 0.807552 0.635185 0.050521 0.168519
0 0.854948 0.663889 0.050521 0.174074
0 0.903125 0.681019 0.048958 0.186111
0 0.963802 0.712500 0.053646 0.204630
0 0.686198 0.393981 0.105729 0.095370
0 0.701042 0.305093 0.097917 0.082407
0 0.710677 0.218519 0.102604 0.081481
0 0.713542 0.150000 0.101042 0.070370
0 0.734115 0.078704 0.102604 0.109259
0 0.470573 0.499074 0.108854 0.081481
0 0.461979 0.561111 0.101042 0.059259
0 0.467708 0.425000 0.116667 0.098148
0 0.485677 0.335185 0.108854 0.087037
0 0.495052 0.272222 0.105729 0.087037
0 0.503906 0.201389 0.108854 0.060185
0 0.520573 0.068056 0.090104 0.108333
0 0.440885 0.967130 0.040104 0.065741
0 0.384115 0.964352 0.033854 0.071296
0 0.342969 0.958796 0.041146 0.082407
