0 0.920833 0.856481 0.104167 0.127778
0 0.970052 0.517593 0.059896 0.172222
0 0.939583 0.307870 0.044792 0.182407
0 0.908854 0.775926 0.125000 0.109259
0 0.819271 0.037500 0.098958 0.063889
0 0.831250 0.103704 0.098958 0.079630
0 0.848698 0.195833 0.105729 0.091667
0 0.852865 0.273148 0.095312 0.064815
0 0.854688 0.336111 0.115625 0.079630
0 0.869010 0.414815 0.113021 0.074074
0 0.891406 0.640741 0.100521 0.105556
0 0.907031 0.698148 0.105729 0.112963
0 0.586719 0.942593 0.107813 0.092593
0 0.586719 0.863889 0.100521 0.077778
0 0.577865 0.718519 0.097396 0.079630
0 0.579688 0.637500 0.093750 0.076852
0 0.570573 0.559259 0.100521 0.064815
0 0.588542 0.479167 0.109375 0.080556
0 0.596615 0.382870 0.102604 0.089815
0 0.592187 0.290741 0.098958 0.096296
0 0.593750 0.206019 0.098958 0.095370
0 0.585677 0.125000 0.100521 0.092593
0 0.483073 0.945370 0.086979 0.087037
0 0.478646 0.851389 0.097917 0.089815
0 0.489323 0.752778 0.101562 0.124074
0 0.586719 0.044907 0.097396 0.087963
0 0.476302 0.593519 0.110937 0.064815
0 0.482552 0.500926 0.092188 0.088889
0 0.488802 0.335185 0.116146 0.074074
0 0.481771 0.253241 0.097917 0.093519
0 0.486458 0.174537 0.101042 0.086111
0 0.474219 0.100926 0.106771 0.075926
0 0.281250 0.864815 0.101042 0.092593
0 0.275000 0.787037 0.102083 0.092593
0 0.281771 0.727778 0.109375 0.088889
0 0.287240 0.649537 0.097396 0.080556
0 0.279687 0.543056 0.093750 0.080556
0 0.277865 0.486111 0.086979 0.083333
0 0.280208 0.411111 0.093750 0.068519
0 0.282813 0.330093 0.090625 0.062037
0 0.291667 0.225000 0.101042 0.083333
0 0.186979 0.791667 0.041667 0.200000
0 0.141927 0.801389 0.043229 0.145370
0 0.091927 0.804630 0.044271 0.094444
0 0.141406 0.942593 0.061979 0.114815
0 0.046875 0.814352 0.036458 0.082407
0 0.015365 0.841204 0.029687 0.091667
0 0.081771 0.925463 0.061458 0.145370
0 0.024479 0.930556 0.047917 0.138889
0 0.872396 0.487500 0.107292 0.076852
0 0.879167 0.572222 0.097917 0.075926
