0 0.742969 0.438426 0.041146 0.026852
0 0.742969 0.502778 0.050521 0.040741
0 0.745573 0.558796 0.040104 0.049074
0 0.753125 0.603704 0.048958 0.046296
0 0.735417 0.683796 0.044792 0.054630
0 0.730208 0.716204 0.061458 0.037963
2 0.535417 0.501389 0.116667 0.147222
2 0.538542 0.368981 0.119792 0.106481
2 0.523958 0.114352 0.127083 0.113889
2 0.406250 0.230093 0.130208 0.106481
2 0.383333 0.095370 0.130208 0.103704
2 0.392188 0.645833 0.139583 0.125000
2 0.386198 0.902778 0.124479 0.127778
2 0.092188 0.743519 0.133333 0.109259
2 0.094271 0.890741 0.140625 0.109259
2 0.101302 0.340741 0.151562 0.114815
2 0.093750 0.187963 0.127083 0.098148
2 0.090365 0.058796 0.160938 0.112037
