2 0.700000 0.642130 0.116667 0.147222
2 0.705208 0.511574 0.119792 0.106481
2 0.689063 0.229167 0.127083 0.113889
2 0.571354 0.361574 0.130208 0.106481
2 0.548958 0.218519 0.130208 0.103704
2 0.563542 0.766204 0.139583 0.125000
2 0.268229 0.877778 0.133333 0.109259
2 0.258333 0.461111 0.152083 0.114815
2 0.261719 0.325000 0.127604 0.098148
2 0.258854 0.172685 0.161458 0.112037
0 0.905990 0.811111 0.054688 0.033333
0 0.895833 0.842130 0.039583 0.043519
0 0.905469 0.767593 0.041146 0.035185
0 0.928385 0.727315 0.066146 0.037963
0 0.914323 0.683796 0.040104 0.032407
2 0.119792 0.594907 0.106250 0.106481
2 0.123958 0.870370 0.133333 0.122222
2 0.121094 0.972685 0.154688 0.054630
3 0.769271 0.912500 0.029167 0.049074
