2 0.494271 0.300926 0.156250 0.133333
2 0.643490 0.443981 0.127604 0.108333
2 0.635938 0.589815 0.130208 0.144444
2 0.494010 0.705093 0.138021 0.147222
2 0.936979 0.204167 0.126042 0.113889
2 0.933073 0.742130 0.133854 0.123148
2 0.933854 0.957407 0.132292 0.085185
2 0.637500 0.954630 0.133333 0.090741
2 0.495573 0.152778 0.125521 0.098148
2 0.497135 0.039815 0.147396 0.077778
2 0.195312 0.563426 0.143750 0.136111
2 0.197656 0.419444 0.118229 0.092593
2 0.208594 0.263889 0.099479 0.087037
2 0.213542 0.156019 0.104167 0.100926
2 0.203125 0.048148 0.116667 0.094444
2 0.205208 0.811574 0.078125 0.113889
2 0.185417 0.948148 0.114583 0.103704
