0 0.356510 0.606481 0.027604 0.105556
0 0.319531 0.664352 0.033854 0.119444
0 0.290625 0.535648 0.042708 0.149074
0 0.272917 0.667130 0.026042 0.065741
0 0.329688 0.713889 0.029167 0.092593
0 0.580990 0.734722 0.024479 0.113889
0 0.613021 0.725000 0.022917 0.103704
0 0.575260 0.845833 0.024479 0.100926
0 0.850260 0.754630 0.034896 0.098148
0 0.891667 0.838889 0.035417 0.103704
0 0.923177 0.838889 0.033854 0.103704
0 0.939063 0.747685 0.041667 0.095370
0 0.942187 0.652315 0.029167 0.095370
0 0.982031 0.645833 0.028646 0.097222
0 0.988281 0.756944 0.023438 0.060185
0 0.977604 0.862963 0.035417 0.120370
2 0.929427 0.425926 0.141146 0.133333
2 0.934635 0.149537 0.130729 0.136111
2 0.927865 0.042593 0.128646 0.083333
2 0.650260 0.226852 0.125521 0.105556
2 0.652865 0.376389 0.118229 0.113889
2 0.482031 0.219907 0.131771 0.095370
2 0.497917 0.023611 0.139583 0.045370
2 0.236198 0.354167 0.056771 0.119444
2 0.206250 0.197222 0.039583 0.079630
2 0.179948 0.081019 0.082812 0.106481
3 0.975000 0.556019 0.042708 0.037963
