2 0.892708 0.635648 0.125000 0.150926
2 0.896875 0.513426 0.119792 0.106481
2 0.883854 0.240278 0.127083 0.113889
2 0.765365 0.365278 0.138021 0.102778
2 0.740625 0.231481 0.130208 0.103704
2 0.754427 0.772685 0.156771 0.132407
2 0.456771 0.875000 0.133333 0.109259
2 0.458854 0.468519 0.152083 0.114815
2 0.450260 0.330556 0.127604 0.098148
2 0.450000 0.175463 0.161458 0.112037
2 0.306510 0.603241 0.106771 0.106481
2 0.313281 0.870370 0.133854 0.122222
2 0.313542 0.972685 0.155208 0.054630
3 0.964583 0.858333 0.048958 0.059259
3 0.978906 0.950463 0.038021 0.060185
2 0.457552 0.972685 0.128646 0.054630
