0 0.742969 0.606944 0.041146 0.026852
0 0.742969 0.658333 0.050521 0.040741
0 0.758073 0.697685 0.040104 0.049074
0 0.745313 0.748148 0.048958 0.046296
0 0.733854 0.790278 0.044792 0.054630
0 0.730208 0.817130 0.061458 0.037963
2 0.528125 0.623611 0.116667 0.147222
2 0.541667 0.489352 0.119792 0.106481
2 0.522396 0.215278 0.127083 0.113889
2 0.404687 0.350463 0.130208 0.106481
2 0.383333 0.196296 0.130208 0.103704
2 0.392188 0.749537 0.139583 0.125000
2 0.387240 0.968519 0.127604 0.062963
2 0.093750 0.850000 0.133333 0.109259
2 0.086198 0.958796 0.145313 0.082407
2 0.091927 0.447222 0.151562 0.114815
2 0.100000 0.304630 0.127083 0.098148
2 0.091927 0.151389 0.160938 0.112037
