2 0.497917 0.430093 0.145833 0.113889
2 0.641927 0.323611 0.127604 0.108333
2 0.644271 0.715278 0.131250 0.112037
2 0.504687 0.835648 0.134375 0.136111
2 0.932031 0.472685 0.131771 0.106481
2 0.933854 0.717130 0.132292 0.139815
2 0.643229 0.842593 0.139583 0.109259
2 0.648698 0.175000 0.125521 0.098148
2 0.505469 0.049537 0.157812 0.097222
2 0.200781 0.692130 0.108854 0.139815
2 0.196094 0.554167 0.099479 0.095370
2 0.224479 0.291204 0.101042 0.113889
2 0.215104 0.150463 0.104167 0.100926
2 0.204687 0.031944 0.119792 0.062037
2 0.205208 0.811574 0.078125 0.113889
