2 0.627604 0.650463 0.116667 0.147222
2 0.636458 0.517130 0.119792 0.106481
2 0.620313 0.240278 0.127083 0.113889
2 0.501042 0.375463 0.130208 0.106481
2 0.473958 0.221296 0.130208 0.103704
2 0.491667 0.770833 0.139583 0.125000
2 0.190104 0.877778 0.133333 0.109259
2 0.191406 0.475000 0.151562 0.114815
2 0.193229 0.332407 0.127083 0.098148
2 0.186719 0.178241 0.160938 0.112037
0 0.834115 0.773148 0.054688 0.033333
0 0.826562 0.814352 0.039583 0.043519
0 0.850260 0.728704 0.041146 0.035185
0 0.841406 0.686574 0.066146 0.037963
0 0.837760 0.634722 0.040104 0.032407
2 0.053646 0.611574 0.106250 0.106481
2 0.056510 0.878241 0.111979 0.117593
2 0.061198 0.972685 0.121354 0.054630
3 0.686458 0.972685 0.029167 0.049074
