2 0.226042 0.041204 0.088542 0.080556
2 0.194010 0.279167 0.089063 0.106481
2 0.164062 0.536574 0.081250 0.130556
2 0.187760 0.662037 0.073438 0.081481
2 0.237760 0.814352 0.056771 0.087963
2 0.475781 0.690741 0.144271 0.122222
2 0.495573 0.438426 0.119271 0.108333
2 0.498698 0.174537 0.122396 0.113889
2 0.642708 0.687963 0.119792 0.127778
2 0.645052 0.850926 0.111979 0.122222
2 0.927865 0.863426 0.144271 0.147222
2 0.934635 0.584259 0.118229 0.122222
2 0.934375 0.467593 0.123958 0.138889
2 0.934635 0.325463 0.130729 0.117593
3 0.280469 0.953704 0.041146 0.057407
