2 0.537760 0.747685 0.108854 0.112037
2 0.536198 0.189352 0.118229 0.112037
2 0.550000 0.060185 0.142708 0.098148
2 0.393750 0.317593 0.145833 0.133333
2 0.392188 0.587037 0.123958 0.150000
2 0.399219 0.860648 0.141146 0.125000
2 0.086719 0.841667 0.131771 0.146296
2 0.099740 0.569444 0.135937 0.120370
2 0.098177 0.420833 0.121354 0.117593
2 0.098958 0.045370 0.153125 0.088889
3 0.611458 0.737037 0.022917 0.057407
3 0.632031 0.799074 0.024479 0.051852
3 0.660417 0.807407 0.026042 0.062963
0 0.750000 0.118519 0.052083 0.051852
0 0.755469 0.187037 0.059896 0.051852
0 0.759115 0.238426 0.060937 0.036111
