2 0.197656 0.049537 0.105729 0.097222
2 0.211458 0.175463 0.093750 0.084259
2 0.194792 0.424537 0.142708 0.136111
2 0.174740 0.701389 0.105729 0.123148
2 0.172396 0.942593 0.070833 0.114815
2 0.489583 0.851852 0.137500 0.120370
2 0.498698 0.587037 0.125521 0.122222
2 0.510417 0.179630 0.127083 0.114815
2 0.649740 0.181019 0.142187 0.112037
2 0.648698 0.058796 0.125521 0.095370
2 0.936979 0.077778 0.126042 0.138889
2 0.929427 0.739815 0.141146 0.127778
2 0.929167 0.875000 0.129167 0.103704
2 0.932552 0.964352 0.134896 0.071296
