0 0.354948 0.633333 0.027604 0.105556
0 0.319531 0.679167 0.033854 0.089815
0 0.284375 0.556944 0.042708 0.149074
0 0.272917 0.667130 0.026042 0.065741
0 0.328125 0.724074 0.029167 0.092593
0 0.578385 0.765278 0.024479 0.113889
0 0.613021 0.762963 0.022917 0.103704
0 0.575260 0.869907 0.024479 0.100926
0 0.850260 0.784259 0.034896 0.098148
0 0.893229 0.876852 0.035417 0.103704
0 0.926302 0.882407 0.033854 0.103704
0 0.942187 0.777315 0.041667 0.095370
0 0.943750 0.674537 0.029167 0.095370
0 0.982031 0.678241 0.028646 0.097222
0 0.988281 0.781944 0.023438 0.060185
0 0.982292 0.885185 0.035417 0.120370
2 0.929427 0.425926 0.141146 0.133333
2 0.934635 0.157870 0.130729 0.136111
2 0.927865 0.042593 0.128646 0.083333
2 0.651823 0.257407 0.125521 0.105556
2 0.649740 0.406019 0.118229 0.113889
2 0.478906 0.255093 0.131771 0.095370
2 0.497917 0.038426 0.139583 0.075000
2 0.236198 0.386574 0.056771 0.119444
2 0.212240 0.221759 0.018229 0.078704
2 0.183073 0.102315 0.082812 0.106481
