2 0.555729 0.623611 0.116667 0.147222
2 0.564583 0.514352 0.119792 0.106481
2 0.546875 0.234722 0.127083 0.113889
2 0.419792 0.358796 0.130208 0.106481
2 0.403646 0.221296 0.130208 0.103704
2 0.416667 0.766204 0.139583 0.125000
2 0.410417 0.972685 0.128125 0.054630
2 0.115104 0.877778 0.133333 0.109259
2 0.118229 0.975463 0.147917 0.049074
2 0.110156 0.469444 0.151562 0.114815
2 0.115104 0.312963 0.127083 0.098148
2 0.105469 0.175463 0.160938 0.112037
0 0.760677 0.792593 0.054688 0.033333
0 0.748437 0.825463 0.039583 0.043519
0 0.772135 0.723148 0.041146 0.035185
0 0.775260 0.681019 0.066146 0.037963
0 0.766927 0.626389 0.040104 0.032407
2 0.016667 0.599074 0.032292 0.081481
2 0.022917 0.865741 0.044792 0.092593
2 0.018229 0.972685 0.035417 0.054630
