2 0.657292 0.095370 0.120833 0.125926
2 0.948958 0.124074 0.101042 0.144444
2 0.945833 0.396296 0.107292 0.111111
2 0.936979 0.671296 0.126042 0.111111
2 0.638802 0.374537 0.111979 0.089815
2 0.513281 0.234259 0.132812 0.109259
2 0.494010 0.493056 0.134896 0.119444
2 0.488021 0.634722 0.119792 0.108333
2 0.494271 0.770833 0.150000 0.130556
2 0.635156 0.904167 0.122396 0.147222
2 0.183854 0.487963 0.130208 0.098148
2 0.195312 0.618519 0.150000 0.109259
2 0.201563 0.743519 0.122917 0.120370
2 0.205469 0.894907 0.086979 0.112037
