2 0.492448 0.121296 0.131771 0.127778
2 0.478906 0.367593 0.119271 0.114815
2 0.644271 0.381481 0.119792 0.114815
2 0.653385 0.524537 0.116146 0.117593
2 0.927083 0.544907 0.145833 0.136111
2 0.932552 0.258796 0.134896 0.119444
2 0.931771 0.143056 0.136458 0.117593
2 0.930729 0.036111 0.134375 0.070370
2 0.177865 0.215278 0.083854 0.097222
2 0.213021 0.343519 0.029167 0.087037
2 0.241406 0.500926 0.057813 0.092593
0 0.583854 0.874537 0.022917 0.125000
0 0.612240 0.871759 0.024479 0.125000
0 0.848177 0.892130 0.027604 0.117593
0 0.920833 0.961574 0.019792 0.049074
0 0.883854 0.975463 0.029167 0.049074
0 0.936719 0.875463 0.036979 0.084259
0 0.942187 0.778704 0.029167 0.098148
0 0.976042 0.775926 0.026042 0.081481
0 0.987500 0.904167 0.025000 0.102778
0 0.982812 0.976852 0.027083 0.046296
0 0.353385 0.749074 0.024479 0.109259
0 0.344010 0.875463 0.046354 0.084259
0 0.328125 0.834722 0.026042 0.095370
0 0.316406 0.793981 0.030729 0.123148
0 0.274219 0.782870 0.041146 0.095370
