2 0.437500 0.575926 0.064583 0.259259
2 0.290365 0.520370 0.082812 0.244444
2 0.132552 0.470833 0.095312 0.234259
2 0.461198 0.261574 0.075521 0.234259
2 0.548438 0.276389 0.084375 0.215741
0 0.755208 0.386574 0.075000 0.054630
0 0.752344 0.441204 0.063021 0.060185
0 0.817969 0.475463 0.056771 0.073148
0 0.719271 0.866204 0.039583 0.082407
0 0.648958 0.860648 0.061458 0.049074
0 0.672656 0.938426 0.056771 0.067593
0 0.704948 0.924537 0.053646 0.062037
0 0.575521 0.958796 0.045833 0.082407
0 0.606771 0.960185 0.047917 0.079630
