2 0.396094 0.251852 0.138021 0.133333
2 0.543229 0.412963 0.113542 0.122222
2 0.404687 0.533796 0.127083 0.119444
2 0.390104 0.807407 0.110417 0.127778
2 0.073698 0.777778 0.124479 0.127778
2 0.092188 0.514815 0.120833 0.140741
2 0.100260 0.230556 0.128646 0.127778
2 0.107292 0.091204 0.136458 0.117593
2 0.016146 0.100926 0.031250 0.125926
2 0.018229 0.231481 0.035417 0.098148
2 0.405990 0.034259 0.142187 0.057407
3 0.629687 0.509722 0.019792 0.054630
3 0.654948 0.513426 0.018229 0.056481
3 0.616667 0.448148 0.021875 0.046296
0 0.749219 0.822685 0.053646 0.049074
0 0.745313 0.868981 0.064583 0.043519
